function [ SensorLoc, SensorName ] = ReadLoc()
%READLOC Summary of this function goes here
%   Detailed explanation goes here
SensorLoc = [[  9.50000000e-01   3.09000000e-01  -3.49000000e-02]
 [  9.99000000e-01  -0.00000000e+00  -3.49000000e-02]
 [  9.50000000e-01  -3.09000000e-01  -3.49000000e-02]
 [  7.88000000e-01   6.15000000e-01  -3.49000000e-02]
 [  8.85000000e-01   3.76000000e-01   2.76000000e-01]
 [  8.85000000e-01  -3.76000000e-01   2.76000000e-01]
 [  7.88000000e-01  -6.15000000e-01  -3.49000000e-02]
 [  6.34000000e-01   7.29000000e-01   2.59000000e-01]
 [  6.73000000e-01   5.45000000e-01   5.00000000e-01]
 [  7.19000000e-01  -0.00000000e+00   6.95000000e-01]
 [  6.73000000e-01  -5.45000000e-01   5.00000000e-01]
 [  6.34000000e-01  -7.29000000e-01   2.59000000e-01]
 [  5.72000000e-17   9.34000000e-01   3.58000000e-01]
 [  4.40000000e-17   7.19000000e-01   6.95000000e-01]
 [  2.39000000e-17   3.91000000e-01   9.21000000e-01]
 [  3.75000000e-33  -6.12000000e-17   1.00000000e+00]
 [  2.39000000e-17  -3.91000000e-01   9.21000000e-01]
 [  4.40000000e-17  -7.19000000e-01   6.95000000e-01]
 [  5.72000000e-17  -9.34000000e-01   3.58000000e-01]
 [ -3.39000000e-01   8.83000000e-01   3.26000000e-01]
 [ -3.91000000e-01  -4.79000000e-17   9.21000000e-01]
 [ -3.39000000e-01  -8.83000000e-01   3.26000000e-01]
 [ -5.87000000e-01   8.09000000e-01  -3.49000000e-02]
 [ -6.73000000e-01   5.45000000e-01   5.00000000e-01]
 [ -7.19000000e-01  -8.81000000e-17   6.95000000e-01]
 [ -6.73000000e-01  -5.45000000e-01   5.00000000e-01]
 [ -5.87000000e-01  -8.09000000e-01  -3.49000000e-02]
 [ -8.85000000e-01   3.76000000e-01   2.76000000e-01]
 [ -8.85000000e-01  -3.76000000e-01   2.76000000e-01]
 [ -9.50000000e-01   3.09000000e-01  -3.49000000e-02]
 [ -9.99000000e-01  -1.22000000e-16  -3.49000000e-02]
 [ -9.50000000e-01  -3.09000000e-01  -3.49000000e-02]];

SensorName = {'AF7';'Fp1';'Fpz';'Fp2';'AF8';'AF3';'AF4';'F5';'F3';'Fz';'F4';'F6';...
            'C5';'C3';'C1';'Cz';'C2';'C4';'C6';'CP5';'CPz';'CP6';'P3';'Pz';'P4';...
            'P7';'PO3';'PO4';'P8';'O1';'Oz';'O2'};        

end

